6
Level 1
0
t
0:21:28
471.0
550.0
1470.0
551.0
6
617.0
557.0
906.0
719.0
1202.0
611.0
1147.0
386.0
1408.0
822.0
1405.0
307.0
Level 2
1
t
--:--:--
471.0
550.0
1470.0
551.0
6
555.0
254.0
809.0
434.0
1087.0
629.0
1395.0
863.0
1270.0
424.0
616.0
841.0
Level 3
2
f
--:--:--
471.0
550.0
1470.0
551.0
5
758.0
391.0
570.0
832.0
963.0
642.0
1251.0
483.0
1169.0
278.0
Level 4
3
f
--:--:--
471.0
550.0
1470.0
551.0
5
758.0
391.0
570.0
832.0
963.0
642.0
1251.0
483.0
1169.0
278.0
Level 5
4
f
--:--:--
471.0
550.0
1470.0
551.0
5
758.0
391.0
570.0
832.0
963.0
642.0
1251.0
483.0
1169.0
278.0
Level 6
5
f
--:--:--
471.0
550.0
1470.0
551.0
5
758.0
391.0
570.0
832.0
963.0
642.0
1251.0
483.0
1169.0
278.0
