6
Level 1
0
t
--:--:--
471
550
1470
551
6
617
557
906
719
1202
611
1147
386
1408
822
1405
307
Level 2
1
t
--:--:--
471
550
1470
551
8
625
429
628
667
787
540
938
673
913
416
1112
535
1292
390
1286
671
Level 3
2
t
--:--:--
471
550
1470
551
6
1394
448
1397
501
1395
553
1389
604
1470
671
1466
407
Level 4
3
t
--:--:--
471
550
1470
551
5
994
555
991
480
989
397
992
640
993
715
Level 5
4
t
--:--:--
471
550
1470
551
8
625
429
628
667
787
540
938
673
913
416
1112
535
1292
390
1286
671
Level 6
5
t
--:--:--
471
550
1470
551
5
994
555
991
480
989
397
992
640
993
715